-4.434961603366496696e+00
-1.952678974708957071e-01
-3.072325829818794318e+00
-4.414664851149419533e+00
-2.917497892197983944e+00
-3.864023656518016381e+00
-8.149793149672390769e-01
-3.104641602206525519e+00
-1.326701353218451507e+00
-3.744999401590023869e+00
-4.368763157575391354e+00
-1.556199439749331725e+00
-2.787492248345378787e+00
-3.905738996511630923e+00
-4.387011708268807375e+00
-3.570530460875020573e+00
-3.831136215106964116e+00
-2.701101503805802828e+00
-2.898807296785427923e+00
-2.890848455590138588e+00
